{
  "metadata": {
    "generated_at": "2025-11-22T14:54:39.063076",
    "total_crack_images": 6500,
    "total_vegetation_images": 1062,
    "total_images": 7562
  },
  "crack_analysis": {
    "image_count": 6500,
    "split_distribution": {
      "train": 5000,
      "test": 750,
      "valid": 750
    },
    "severity_distribution": {
      "Unknown": 6495,
      "None": 5
    },
    "metrics": {
      "crack_risk_score": {
        "mean": 0.5675495779768552,
        "median": 0.6008135211829575,
        "std": 0.07466826640089877,
        "min": 0.3029827485028754,
        "max": 0.6592816828046515,
        "q25": 0.509642741624863,
        "q75": 0.6316946437927993
      },
      "crack_crack_pixel_ratio": {
        "mean": 0.817593271108774,
        "median": 0.887176513671875,
        "std": 0.1823222198661981,
        "min": 0.178271484375,
        "max": 1.0,
        "q25": 0.719410400390625,
        "q75": 0.9511767578125
      },
      "crack_edge_density": {
        "mean": 0.7024650184044471,
        "median": 0.762276611328125,
        "std": 0.18262507962830712,
        "min": 0.0,
        "max": 0.91751220703125,
        "q25": 0.70916015625,
        "q75": 0.8068621826171876
      },
      "crack_skeleton_length_proxy": {
        "mean": 0.019108402569110575,
        "median": 0.006971435546875,
        "std": 0.031824865450823955,
        "min": 9.765625e-06,
        "max": 0.23768310546875,
        "q25": 0.002310791015625,
        "q75": 0.0194378662109375
      },
      "crack_glcm_entropy": {
        "mean": 3.312010841110107,
        "median": 3.424276887614883,
        "std": 1.291319202121528,
        "min": -1.000000082690371e-10,
        "max": 5.492020944596927,
        "q25": 2.563812401782886,
        "q75": 3.8459904984609024
      },
      "crack_brightness": {
        "mean": 0.21476205459808428,
        "median": 0.158159039914608,
        "std": 0.16409268280285014,
        "min": 0.0,
        "max": 0.708855152130127,
        "q25": 0.09540721029043198,
        "q75": 0.32371583580970764
      },
      "crack_color_mean_r": {
        "mean": 0.23450630736678768,
        "median": 0.158159039914608,
        "std": 0.20189893410903106,
        "min": 0.0,
        "max": 0.8572055101394653,
        "q25": 0.09540720470249653,
        "q75": 0.32383735477924347
      },
      "crack_color_mean_g": {
        "mean": 0.2072561890813701,
        "median": 0.158159039914608,
        "std": 0.15207764247589428,
        "min": 0.0,
        "max": 0.7081985473632812,
        "q25": 0.09540720470249653,
        "q75": 0.32016121596097946
      },
      "crack_color_mean_b": {
        "mean": 0.20162530180795762,
        "median": 0.15800540894269943,
        "std": 0.14719772665097214,
        "min": 0.0,
        "max": 0.7131941318511963,
        "q25": 0.09539337456226349,
        "q75": 0.29144182056188583
      },
      "crack_roughness": {
        "mean": 0.2343020343365894,
        "median": 0.24415166009332728,
        "std": 0.09311258708681498,
        "min": 0.0,
        "max": 0.4223242723556526,
        "q25": 0.18046313990654544,
        "q75": 0.29726898885195074
      }
    },
    "histograms": {
      "crack_pixel_ratio": {
        "bins": 20,
        "counts": [
          12,
          32,
          39,
          41,
          54,
          89,
          131,
          220,
          219,
          163,
          178,
          217,
          194,
          193,
          189,
          345,
          702,
          1084,
          959,
          1439
        ],
        "edges": [
          0.178271484375,
          0.21935791015625,
          0.26044433593750005,
          0.30153076171875004,
          0.34261718750000003,
          0.38370361328125,
          0.4247900390625,
          0.46587646484375006,
          0.5069628906250001,
          0.5480493164062501,
          0.5891357421875001,
          0.6302221679687501,
          0.6713085937500001,
          0.7123950195312501,
          0.7534814453125,
          0.79456787109375,
          0.835654296875,
          0.87674072265625,
          0.9178271484375,
          0.95891357421875,
          1.0
        ]
      },
      "risk_score": {
        "bins": 20,
        "counts": [
          8,
          17,
          42,
          49,
          42,
          42,
          97,
          172,
          205,
          213,
          312,
          699,
          422,
          237,
          201,
          190,
          475,
          910,
          1539,
          628
        ],
        "edges": [
          0.3029827485028754,
          0.3207976952179642,
          0.33861264193305296,
          0.3564275886481418,
          0.3742425353632306,
          0.3920574820783194,
          0.40987242879340824,
          0.427687375508497,
          0.4455023222235858,
          0.46331726893867464,
          0.4811322156537634,
          0.4989471623688522,
          0.516762109083941,
          0.5345770557990299,
          0.5523920025141187,
          0.5702069492292074,
          0.5880218959442962,
          0.6058368426593851,
          0.623651789374474,
          0.6414667360895627,
          0.6592816828046515
        ]
      }
    },
    "top_risk_images": [
      {
        "filename": "0509_8_jpg_laplacian.jpg",
        "risk_score": 0.6592816828046515
      },
      {
        "filename": "0762-1_jpg_sobelx.jpg",
        "risk_score": 0.6565075308261075
      },
      {
        "filename": "0763-1_jpg_sobelx.jpg",
        "risk_score": 0.6557604573743342
      },
      {
        "filename": "0623_3_jpg_laplacian.jpg",
        "risk_score": 0.6557542401330716
      },
      {
        "filename": "0509_7_jpg_laplacian.jpg",
        "risk_score": 0.6554172240068477
      },
      {
        "filename": "0667-6_jpg_laplacian.jpg",
        "risk_score": 0.6552098657775678
      },
      {
        "filename": "0630_2_jpg_laplacian.jpg",
        "risk_score": 0.6550736863944003
      },
      {
        "filename": "0751-4_jpg_laplacian.jpg",
        "risk_score": 0.6550710867641357
      },
      {
        "filename": "0660-3_jpg_sobelx.jpg",
        "risk_score": 0.65503636417508
      },
      {
        "filename": "a_17_2_jpg_sobelx.jpg",
        "risk_score": 0.6549208139291441
      }
    ]
  },
  "vegetation_analysis": {
    "image_count": 1062,
    "split_distribution": {
      "train": 735,
      "test": 218,
      "valid": 109
    },
    "type_distribution": {
      "Other": 1062
    },
    "metrics": {
      "vegetation_risk_score": {
        "mean": 0.9988007450125924,
        "median": 1.0,
        "std": 0.011580073503387224,
        "min": 0.8198645924929868,
        "max": 1.0,
        "q25": 1.0,
        "q75": 1.0
      },
      "vegetation_vegetation_coverage": {
        "mean": 0.29719607940501414,
        "median": 0.09735961914062499,
        "std": 0.3579590308637272,
        "min": 0.0011181640625,
        "max": 0.99078125,
        "q25": 0.025050048828124998,
        "q75": 0.6550164794921876
      },
      "vegetation_green_index_mean": {
        "mean": 0.27170219545282437,
        "median": 0.2488793581724167,
        "std": 0.12614897522071292,
        "min": 0.10731226205825806,
        "max": 1.0208216905593872,
        "q25": 0.1904899887740612,
        "q75": 0.30854395031929016
      },
      "vegetation_glcm_entropy": {
        "mean": 5.0135148656540185,
        "median": 5.124465240169901,
        "std": 0.43322724531794543,
        "min": 2.8935933242758565,
        "max": 5.482432083154016,
        "q25": 4.887681896218876,
        "q75": 5.329712610359952
      },
      "vegetation_brightness": {
        "mean": 0.5433323041670964,
        "median": 0.5079051852226257,
        "std": 0.1035040630126753,
        "min": 0.2214650958776474,
        "max": 0.9061879515647888,
        "q25": 0.4791780188679695,
        "q75": 0.6263037770986557
      },
      "vegetation_color_mean_r": {
        "mean": 0.5905244159468375,
        "median": 0.544521301984787,
        "std": 0.12467954144957691,
        "min": 0.22552572190761566,
        "max": 0.9337525963783264,
        "q25": 0.5059438198804855,
        "q75": 0.7150618731975555
      },
      "vegetation_color_mean_g": {
        "mean": 0.5448739309768892,
        "median": 0.5011058449745178,
        "std": 0.1149361586195374,
        "min": 0.2095421999692917,
        "max": 0.9338158965110779,
        "q25": 0.47329333424568176,
        "q75": 0.6415471136569977
      },
      "vegetation_color_mean_b": {
        "mean": 0.41161844875179443,
        "median": 0.4247804135084152,
        "std": 0.09351079691678463,
        "min": 0.08524323254823685,
        "max": 0.6916311383247375,
        "q25": 0.360400952398777,
        "q75": 0.4651991277933121
      },
      "vegetation_roughness": {
        "mean": 0.31062100063574527,
        "median": 0.31250233825744456,
        "std": 0.036988895469377184,
        "min": 0.1432065616950959,
        "max": 0.40426241785207057,
        "q25": 0.29305195213655816,
        "q75": 0.33596638647935634
      },
      "vegetation_saturation_mean": {
        "mean": 0.3719523684972311,
        "median": 0.30815863609313965,
        "std": 0.18392123297430155,
        "min": 0.09804520010948181,
        "max": 0.9006813168525696,
        "q25": 0.23123670741915703,
        "q75": 0.4937220439314842
      }
    },
    "histograms": {
      "vegetation_coverage": {
        "bins": 20,
        "counts": [
          410,
          128,
          85,
          46,
          30,
          24,
          23,
          16,
          8,
          5,
          12,
          2,
          6,
          8,
          3,
          14,
          42,
          57,
          87,
          56
        ],
        "edges": [
          0.0011181640625,
          0.050601318359375,
          0.10008447265624999,
          0.149567626953125,
          0.19905078125,
          0.248533935546875,
          0.29801708984374997,
          0.34750024414062497,
          0.39698339843749997,
          0.44646655273437497,
          0.49594970703124996,
          0.545432861328125,
          0.594916015625,
          0.644399169921875,
          0.69388232421875,
          0.743365478515625,
          0.7928486328125,
          0.842331787109375,
          0.89181494140625,
          0.941298095703125,
          0.99078125
        ]
      },
      "risk_score": {
        "bins": 20,
        "counts": [
          2,
          0,
          0,
          0,
          1,
          0,
          0,
          2,
          0,
          0,
          3,
          0,
          0,
          1,
          2,
          1,
          1,
          2,
          1,
          1046
        ],
        "edges": [
          0.8198645924929868,
          0.8288713628683375,
          0.8378781332436881,
          0.8468849036190388,
          0.8558916739943895,
          0.8648984443697401,
          0.8739052147450908,
          0.8829119851204414,
          0.8919187554957921,
          0.9009255258711427,
          0.9099322962464934,
          0.9189390666218441,
          0.9279458369971947,
          0.9369526073725454,
          0.9459593777478961,
          0.9549661481232468,
          0.9639729184985973,
          0.972979688873948,
          0.9819864592492987,
          0.9909932296246493,
          1.0
        ]
      }
    },
    "top_risk_images": [
      {
        "filename": "117_jpg.rf.8e94c2021b15c956a4432e0a796beaf4.jpg",
        "risk_score": 1.0
      },
      {
        "filename": "117_jpg.rf.fa14b42e14453400c8f114a65d8db1e2.jpg",
        "risk_score": 1.0
      },
      {
        "filename": "121_jpg.rf.7f610b3b3d4a617f8041e8c1b1397d3d.jpg",
        "risk_score": 1.0
      },
      {
        "filename": "121_jpg.rf.8a5ece95adcdc6b1032a117304e1d393.jpg",
        "risk_score": 1.0
      },
      {
        "filename": "124_jpg.rf.1a8c417f1537bdf91134fa5b25b52507.jpg",
        "risk_score": 1.0
      },
      {
        "filename": "124_jpg.rf.c5a0e6c3526e07a9c408462d5d22e084.jpg",
        "risk_score": 1.0
      },
      {
        "filename": "128_jpg.rf.1a31c367438ec230e5475c20f40c942c.jpg",
        "risk_score": 1.0
      },
      {
        "filename": "128_jpg.rf.a0db36f3731b7f19180669d124a50f28.jpg",
        "risk_score": 1.0
      },
      {
        "filename": "129_jpg.rf.34f01f59ef308858aab899506404e098.jpg",
        "risk_score": 1.0
      },
      {
        "filename": "129_jpg.rf.917a29355754396b85881450099dd39e.jpg",
        "risk_score": 1.0
      }
    ]
  },
  "statistical_tests": [
    {
      "test_name": "Mann-Whitney U Test",
      "description": "Comparing crack density between severity groups",
      "p_value": 0.42669390397029294,
      "significant": false,
      "statistic": 19572.0,
      "interpretation": "No significant difference in crack density"
    },
    {
      "test_name": "One-way ANOVA",
      "description": "Comparing crack pixel ratio across train/test/valid splits",
      "p_value": 0.7144830459903331,
      "significant": false,
      "statistic": 0.33621340790284654,
      "interpretation": "No significant difference across splits"
    },
    {
      "test_name": "Linear Regression (Vegetation Features)",
      "description": "Predicting vegetation risk score from image features",
      "p_value": 1.1102230246251565e-16,
      "significant": true,
      "r_squared": 0.2971687792545089,
      "interpretation": "Features explain 29.7% of vegetation risk variance"
    },
    {
      "test_name": "Chi-Square Test",
      "description": "Association between crack severity and risk level",
      "p_value": 1.0,
      "significant": false,
      "statistic": 0.0,
      "interpretation": "No association between severity and risk"
    }
  ],
  "correlation_matrices": {
    "crack": [
      [
        1.0,
        0.8294328855285341,
        0.31057839994300435,
        -0.10303122027384091,
        -0.2680809079825893,
        -0.7494855702692548,
        -0.7606210798269318,
        -0.736090966448786,
        -0.6768292717272264,
        -0.4384712694662073
      ],
      [
        0.8294328855285341,
        1.0,
        -0.24871276441048568,
        -0.28236929934132615,
        -0.6759658114474718,
        -0.9735973406957764,
        -0.9552267325315107,
        -0.9714634786008413,
        -0.9161294023010909,
        -0.5051853148345335
      ],
      [
        0.31057839994300435,
        -0.24871276441048568,
        1.0,
        0.05180834601040274,
        0.7788938268534286,
        0.3522213333384987,
        0.32967501064257304,
        0.3573164081253712,
        0.35742054212788144,
        -0.12296204544061849
      ],
      [
        -0.10303122027384091,
        -0.28236929934132615,
        0.05180834601040274,
        1.0,
        -0.08485719471432294,
        0.2742633848843083,
        0.1909183358313027,
        0.3120232590022547,
        0.33521649815015403,
        0.6546611202587628
      ],
      [
        -0.2680809079825893,
        -0.6759658114474718,
        0.7788938268534286,
        -0.08485719471432294,
        1.0,
        0.7713048267170862,
        0.772325292269854,
        0.7585917384470001,
        0.7283883255163974,
        0.08091212195522927
      ],
      [
        -0.7494855702692548,
        -0.9735973406957764,
        0.3522213333384987,
        0.2742633848843083,
        0.7713048267170862,
        1.0,
        0.9799983668190572,
        0.9959829795631601,
        0.9547592188975225,
        0.5098815124794509
      ],
      [
        -0.7606210798269318,
        -0.9552267325315107,
        0.32967501064257304,
        0.1909183358313027,
        0.772325292269854,
        0.9799983668190572,
        1.0,
        0.9590531952557276,
        0.8836727284759954,
        0.4269613707810462
      ],
      [
        -0.736090966448786,
        -0.9714634786008413,
        0.3573164081253712,
        0.3120232590022547,
        0.7585917384470001,
        0.9959829795631601,
        0.9590531952557276,
        1.0,
        0.9694579227462864,
        0.5447967835839616
      ],
      [
        -0.6768292717272264,
        -0.9161294023010909,
        0.35742054212788144,
        0.33521649815015403,
        0.7283883255163974,
        0.9547592188975225,
        0.8836727284759954,
        0.9694579227462864,
        1.0,
        0.5517900892787035
      ],
      [
        -0.4384712694662073,
        -0.5051853148345335,
        -0.12296204544061849,
        0.6546611202587628,
        0.08091212195522927,
        0.5098815124794509,
        0.4269613707810462,
        0.5447967835839616,
        0.5517900892787035,
        1.0
      ]
    ],
    "vegetation": [
      [
        1.0,
        0.01563650696294762,
        -0.18122405698464814,
        0.4383564508247474,
        -0.1828163880842919,
        -0.11852369676910812,
        -0.17779129359582665,
        -0.23532624351351641,
        -0.1336896630703646,
        0.06585989491277809
      ],
      [
        0.01563650696294762,
        1.0,
        0.3545490309325639,
        -0.5180488279246853,
        0.7477683774556607,
        0.822411460305013,
        0.7700816755328687,
        -0.4894142500264178,
        -0.3393140316453026,
        0.8873117379893865
      ],
      [
        -0.18122405698464814,
        0.3545490309325639,
        1.0,
        -0.3930130279013055,
        0.428188246117046,
        0.2835538818450954,
        0.4959288546583849,
        0.027154563945633686,
        -0.02772280062042245,
        0.34579600301701163
      ],
      [
        0.4383564508247474,
        -0.5180488279246853,
        -0.3930130279013055,
        1.0,
        -0.6270880279685752,
        -0.5626605908079323,
        -0.64090333623287,
        -0.06477049959377797,
        -0.039063311712127576,
        -0.32673575906775426
      ],
      [
        -0.1828163880842919,
        0.7477683774556607,
        0.428188246117046,
        -0.6270880279685752,
        1.0,
        0.94067240227171,
        0.9919916628233524,
        0.1415859909290997,
        -0.27251666384186923,
        0.5354073717508914
      ],
      [
        -0.11852369676910812,
        0.822411460305013,
        0.2835538818450954,
        -0.5626605908079323,
        0.94067240227171,
        1.0,
        0.9090332213566639,
        -0.11688221409498643,
        -0.414179736026832,
        0.7071848672250407
      ],
      [
        -0.17779129359582665,
        0.7700816755328687,
        0.4959288546583849,
        -0.64090333623287,
        0.9919916628233524,
        0.9090332213566639,
        1.0,
        0.12378944115168973,
        -0.23420124827806535,
        0.5460298740070442
      ],
      [
        -0.23532624351351641,
        -0.4894142500264178,
        0.027154563945633686,
        -0.06477049959377797,
        0.1415859909290997,
        -0.11688221409498643,
        0.12378944115168973,
        1.0,
        0.28467287266016167,
        -0.7303520107008338
      ],
      [
        -0.1336896630703646,
        -0.3393140316453026,
        -0.02772280062042245,
        -0.039063311712127576,
        -0.27251666384186923,
        -0.414179736026832,
        -0.23420124827806535,
        0.28467287266016167,
        1.0,
        -0.41542960509112725
      ],
      [
        0.06585989491277809,
        0.8873117379893865,
        0.34579600301701163,
        -0.32673575906775426,
        0.5354073717508914,
        0.7071848672250407,
        0.5460298740070442,
        -0.7303520107008338,
        -0.41542960509112725,
        1.0
      ]
    ]
  }
}